2
378
168
176
126
265
186
131
131
132
198
225
176
213
88
233
-56
140
16
-42
307
103
9
61
335
36
49
140
63
39
330
217
24
116
51
86
151
168
47
62
-28
105
212
-30
50
73
137
103
104
110
88
45
205
62
248
173
32
-25
21
64
1
71
259
-34
169
117
290
-33
61
123
196
-2
203
91
226
17
309
217
121
120
81
-20
151
256
92
238
138
183
63
48
280
-48
74
120
-99
314
-77
-39
48
-55
163
35
81
220
237
131
12
0
208
49
260
40
66
280
-84
33
220
58
307
-5
262
295
170
-52
216
89
154
-57
87
16
77
-2
-33
151
98
164
28
146
141
13
84
-53
166
87
80
190
92
16
125
-2
204
103
225
132
77
143
201
81
131
198
138
-49
143
194
190
193
2
268
38
231
39
69
46
65
115
86
82
161
88
189
209
95
183
176
118
-1
56
192
220
6
-27
75
86
163
165
-31
-19
298
191
75
124
138
207
94
225
5
84
121
313
2
-30
291
153
181
90
-7
113
41
82
254
-28
265
67
126
37
27
-58
162
156
-138
95
32
106
114
183
137
197
161
-168
208
55
99
225
41
238
156
175
354
-77
145
-110
117
200
75
-7
63
285
-1
123
122
133
-34
-37
37
116
67
72
-39
44
128
122
88
121
77
168
208
88
283
-20
166
313
191
257
6
152
150
48
-72
65
34
165
27
108
84
26
137
165
139
223
35
130
151
179
120
254
90
291
175
126
159
59
68
193
-2
89
130
125
82
117
-96
-25
134
282
-159
115
124
79
67
134
-52
61
-224
297
108
332
-20
93
40
71
99
219
202
-115
255
-8
25
117
199
222
157
136
127
-44
143
210
147
250
115
65
141
9
191
134
142
52
3
136
108
76
4
71
141
223
202
288
60
14
212
26
47
80
104
120
-39
140
215
41
290
108
120
-99
78
83
-47
19
102
144
54
103
36
-49
253
4
146
108
313
145
-103
177
-151
164
268
94
99
-96
-22
76
200
49
143
-53
117
101
-39
-21
2
177
289
26
184
-18
151
88
343
390
41
159
33
126
-126
201
164
135
74
361
229
43
206
64
234
172
162
129
26
222
251
198
174
229
-60
110
11
2
-43
223
159
-31
135
45
58
262
210
38
239
66
308
164
141
115
97
23
-5
171
-22
-120
197
216
79
52
115
98
330
1
233
189
13
216
258
39
51
452
350
358
447
607
536
494
445
451
533
562
508
567
558
483
512
534
526
687
591
532
545
760
509
575
578
368
564
286
618
228
585
485
625
562
353
465
616
432
461
524
523
324
588
480
603
493
763
320
407
575
622
596
425
433
479
614
454
594
545
413
366
629
431
431
598
563
372
337
418
593
369
673
571
380
586
513
528
513
541
512
406
475
644
522
638
480
545
433
536
509
408
643
699
504
486
479
469
539
575
581
544
821
562
601
530
724
527
632
313
348
497
440
418
523
564
595
463
535
506
471
540
516
532
532
614
508
524
581
506
453
453
467
455
472
459
644
557
353
627
412
587
627
495
501
398
500
458
438
485
478
559
566
723
527
472
522
575
408
466
517
493
663
365
324
231
343
558
279
512
622
645
675
516
383
415
482
879
386
528
614
520
544
676
472
511
596
631
418
552
311
482
599
449
485
405
536
469
582
473
371
603
532
588
305
457
343
519
535
247
445
498
449
459
526
416
454
519
640
414
682
333
393
481
644
682
466
479
449
442
462
432
453
599
401
444
473
332
580
686
496
493
574
480
515
410
517
473
331
554
622
533
419
468
434
575
557
565
542
339
315
363
660
453
581
584
483
568
532
602
306
459
695
536
525
549
381
399
462
559
430
618
498
576
472
405
445
478
475
552
630
552
355
513
359
393
347
661
295
588
667
513
570
673
511
473
497
456
418
498
465
501
446
609
392
508
523
546
506
501
536
356
343
467
345
536
701
506
404
527
413
664
409
531
443
302
468
553
500
426
392
363
455
509
483
494
732
454
489
418
634
515
430
360
535
606
548
460
564
597
357
382
695
471
559
488
597
552
555
481
483
480
454
501
437
411
548
411
312
707
475
518
659
517
486
508
631
640
383
200
410
458
549
503
560
514
642
673
490
739
505
490
648
623
462
533
571
483
585
523
457
446
568
475
313
501
537
522
508
367
529
476
304
417
644
410
669
522
359
603
242
505
618
509
454
389
520
579
458
500
390
455
713
606
316
642
607
592
481
451
547
329
612
523
360
449
472
461
398
549
353
352
528
414
554
519
431
668
611
547
548
606
568
381
387
616
602
477
518
586
575
598
396
323
589
282
762
461
483
434
465
365
503
443
494
532
529
514
501
531
